100
47 57
30 67
36 93
24 98
44 97
11 75
10 78
49 59
31 54
13 85
40 54
39 96
21 87
17 88
28 73
25 79
40 62
4 82
17 72
21 55
11 65
18 76
6 75
41 97
24 50
3 64
48 86
16 83
6 67
48 52
11 51
41 53
12 76
44 67
13 62
6 85
48 53
49 68
28 90
21 68
22 70
35 62
10 64
32 97
40 53
43 92
20 73
12 80
43 54
3 66
11 73
3 92
5 86
25 72
25 86
27 93
12 79
24 79
25 57
29 61
44 85
3 54
49 92
40 71
12 79
38 54
38 99
31 51
2 57
41 90
8 91
8 73
6 55
44 85
21 79
3 90
0 59
5 57
7 77
40 84
31 79
49 80
24 94
17 57
30 87
44 55
35 65
14 76
40 52
18 74
7 93
3 54
29 94
15 56
34 71
10 81
26 55
15 50
15 73
9 90
47 84
21 98
31 85
36 87
12 50
27 98
20 59
10 59
2 68
48 98
49 81
3 60
20 99
15 53
25 53
15 98
28 62
2 54
17 94
33 57
43 80
43 84
35 62
44 82
44 80
12 56
44 64
44 51
46 79
27 94
31 78
21 93
27 92
15 85
3 97
6 89
42 63
0 88
13 80
35 98
38 87
34 71
13 54
20 57
42 83
9 80
21 68
15 69
22 96
21 77
27 84
33 88
33 64
41 98
14 83
36 84
20 95
31 65
12 78
12 79
29 58
11 90
16 63
28 69
28 79
29 83
43 84
43 93
3 86
21 98
26 83
48 54
40 98
36 94
30 71
18 71
21 92
41 80
2 83
49 98
26 65
35 82
12 63
32 76
39 50
26 84
44 62
46 98
10 92
42 95
10 73
31 50
1 91
19 64
43 91
40 63
30 67
18 86
4 76
44 97
